deletion	CP019114:50601-50800	200	0	13185.9	0	1	1	0
deletion	CP019114:59901-71500	11600	0.0206516	1.3739e-11	5.75157e+08	1.66013e-11	0	0
deletion	CP019114:231301-231800	500	0.142021	2874.9	2.28204e-15	1	1	1
duplication	CP019114:231801-234100	2300	1.85014	1.39195e-06	8.3318e-97	2809.23	0	1
deletion	CP019114:234601-234800	200	0.218337	825908	1.09186e-07	1	1	1
deletion	CP019114:945901-948300	2400	0	6.64052e-11	0	0.0672416	0	0
deletion	CP019114:949101-951500	2400	0.0511834	6.64052e-11	4.38199e-86	0.0672416	0	0
deletion	CP019114:1238601-1239300	700	0.525291	0.505726	2.09773e-19	1	1	0.87767
deletion	CP019114:1243401-1244100	700	0.0571349	4.10911	2.27364e-52	1	1	0
deletion	CP019114:1244201-1244600	400	0.202013	2556.71	3.21668e-34	1	1	0.0192719
duplication	CP019114:1418301-1419400	1100	1.95817	0.0205065	1.07532e-136	1	1	0
deletion	CP019114:1438001-1439100	1100	0.0307935	2.00443e-05	1.56976e-105	1	1	0
deletion	CP019114:1440201-1484800	44600	0.000704579	3.57337e-12	0	3.74114e-12	0	0.994269
deletion	CP019114:1486001-1519700	33700	0	4.72915e-12	0	5.02752e-12	0	1
deletion	CP019114:2350401-2351100	700	0.4804	0.90045	6.62523e-23	1	1	1
deletion	CP019114:2360101-2360700	600	0.272751	294.11	6.30046e-37	1	1	0.00907441
deletion	CP019114:2363701-2364700	1000	0.0469323	0.0071537	1.31093e-61	1	1	0
duplication	CP019114:2366101-2367900	1800	2.02761	0	2.1203e-258	1	1	0.000230388
deletion	CP019114:2367901-2370300	2400	0.128213	1.52732e-09	1.24277e-64	12195.2	1.16901e-18	0.0245455
deletion	CP019114:2370901-2371100	200	0.165283	635643	1.65023e-12	1	1	0
duplication	CP019114:2372801-2374200	1400	2.04986	0.0308289	1.79131e-100	1	1	0.0024764
deletion	CP019114:2374301-2374800	500	0	0.00019113	0	1	1	0
duplication	CP019114:2377001-2379000	2000	2.38069	0.00193375	4.41677e-288	1	1	8.80049e-05
deletion	CP019114:2381101-2386300	5200	0.123217	3.06486e-11	2.82898e+09	4.98039e-11	2.84507e+09	0.0768229
deletion	CP019114:2387501-2387700	200	0.128554	474913	6.04512e-17	1	1	0.0021978
deletion	CP019114:2388001-2389100	1100	0.215183	16.16	0.00559326	1	1	0.00123457
deletion	CP019114:2572201-2574200	2000	0.00102027	7.96863e-11	0	1	1	1
deletion	CP019114:3118601-3123700	5100	0.357853	3.12495e-11	7.85195e-38	1.61378e-07	1.42889e-19	0.747896
duplication	CP019114:3662301-3664600	2300	1.80401	1.15358e-06	8.3318e-97	30808.9	9.31629e-30	1
deletion	CP019115:1-75400	75400	5.41255e-06	2.11369e-12	0	2.17129e-12	0	0
