deletion	CP019114:60201-71600	11400	0.0206355	1.398e-11	2.11513e-104	1.69545e-11	0	0
deletion	CP019114:71801-72200	400	0.0227882	65.0928	0	1	1	0
deletion	CP019114:231401-233800	2400	0.517847	6.64052e-11	1.54175e-93	190.088	3.82931e-13	1
deletion	CP019114:945901-951500	5600	0.0598503	2.84594e-11	2.61827e+09	4.42701e-11	2.70587e+09	0
deletion	CP019114:957601-961000	3400	0	4.68743e-11	0	1.13838e-10	0	0
deletion	CP019114:967501-967900	400	0	0.0426294	0	1	1	0
duplication	CP019114:2376901-2380600	3700	2.15261	0	2.00422e-109	3.74994e-10	9.88524e-256	0
deletion	CP019114:2815401-2820100	4700	0	3.3909e-11	0	5.90269e-11	0	0
deletion	CP019114:3661901-3664300	2400	0.536691	6.64052e-11	6.24902e-82	255.489	3.4691e-11	1
deletion	CP019115:1-75400	75400	0.482895	2.11369e-12	5.39955e-121	2.17129e-12	1.49059e-117	0.0549784
