deletion	CP019114:60201-71600	11400	0.0200549	1.398e-11	2.39755e-108	1.69545e-11	0	0
deletion	CP019114:71801-72200	400	0.0416906	421.102	1.20413e-31	1	1	0
deletion	CP019114:87901-88100	200	0	17380.9	1.99056e-19	1	1	0
deletion	CP019114:231301-233800	2500	0.513413	6.3749e-11	2.06025e-19	517.602	0.00363136	1
deletion	CP019114:908901-909300	400	0.497597	9133.6	0.00843243	1	1	0.138015
deletion	CP019114:945901-951500	5600	0.0585973	2.84594e-11	9.64412e+08	4.42701e-11	1.42386e+09	0
deletion	CP019114:957601-961000	3400	0	4.68743e-11	0	1.13838e-10	2.21123e-188	0
deletion	CP019114:967501-967900	400	0	0.154	1.38013e-47	1	1	0
duplication	CP019114:2376901-2380600	3700	2.1429	0	5.73348e-142	1.83747e-08	5.80995e-72	0.000137391
deletion	CP019114:2815301-2820100	4800	0.00728464	3.32026e-11	2.44008e-304	5.69188e-11	0	0
deletion	CP019114:3661901-3664300	2400	0.522029	6.64052e-11	2.22743e-48	4528.21	0.00280728	1
deletion	CP019115:1301-75400	74100	0.575163	2.15078e-12	4.95732e-110	2.21044e-12	7.95647e-107	0.0527298
