deletion	CP019114:50601-50800	200	0	14383.9	5.38249e-20	1	1	0
deletion	CP019114:59901-71300	11400	0.0165968	1.398e-11	2.44471e+07	1.69545e-11	0	0
duplication	CP019114:186101-189600	3500	1.38644	0	2.4371e-30	0.000937295	5.16714e-08	0.998799
duplication	CP019114:223201-226600	3400	2.04	0	5.87112e-13	1.17025e-07	3.52098e-182	0
deletion	CP019114:230201-235000	4800	0.453626	3.32026e-11	3.37921e-36	3.41513e-10	3.46724e-32	0.957109
duplication	CP019114:239701-241700	2000	1.43951	2.6628e-06	2.4944e-20	1	1	0
deletion	CP019114:908901-909100	200	0.293823	40736.6	2.86702e-06	1	1	0.0574713
deletion	CP019114:945901-951500	5600	0.102949	2.84594e-11	2.69401e+09	4.42701e-11	2.75593e+09	0.000763942
deletion	CP019114:957601-961000	3400	0	4.68743e-11	0	1.13838e-10	2.33712e-192	0
deletion	CP019114:998001-998200	200	0.1202	440062	1.03198e-08	1	1	0
deletion	CP019114:1026601-1047500	20900	0.000809429	7.62548e-12	0	8.43241e-12	0	0
deletion	CP019114:1053501-1063100	9600	0	1.66013e-11	0	2.09701e-11	0	0
duplication	CP019114:1203401-1207700	4300	2.15801	0	4.40803e-25	2.38369e-05	2.04747e-10	0.00265752
duplication	CP019114:1219801-1221800	2000	1.97084	1.29758e-05	4.16541e-06	1	1	0.00058126
duplication	CP019114:1223401-1225900	2500	1.92107	2.54996e-10	2.21375e-37	81.2845	1.11942e-35	0.000661939
deletion	CP019114:1225901-1232000	6100	0.40344	4.97695e-05	2.871e+09	23.8579	2.871e+09	0.0245734
deletion	CP019114:1233301-1234300	1000	0.0396215	0.00148948	8.62142e-50	1	1	0
deletion	CP019114:1235401-1236300	900	0.468929	0.000238761	1.26625e-24	1	1	1
deletion	CP019114:1238101-1238500	400	0.250417	18373	1.21517e-05	1	1	0.162162
deletion	CP019114:1238601-1239300	700	0	3.18745e-09	8.19138e-92	1	1	1
deletion	CP019114:1241301-1243600	2300	0.018001	6.92924e-11	7.18436e-126	31.611	2.33055e-34	1
duplication	CP019114:1418301-1419400	1100	2.09035	0.0010011	1.22049e-113	1	1	0
duplication	CP019114:2340601-2348500	7900	2.55982	0	5707.57	0	158449	0.000729427
deletion	CP019114:2350401-2351100	700	0	3.18745e-09	8.19138e-92	1	1	1
deletion	CP019114:2353401-2354300	900	0.429357	6.25449e-07	5.7305e-34	1	1	1
duplication	CP019114:2358901-2363700	4800	2.18985	0	151.205	7.64779e-05	163027	0.00586485
duplication	CP019114:2367901-2369500	1600	1.8695	0.000958973	5.52363e-19	1	1	0
duplication	CP019114:2374901-2381300	6400	2.88049	0	9.82544e-180	0	2.64515e-199	0.00108864
deletion	CP019114:2382601-2385000	2400	0.00649229	6.64052e-11	3.34737e-244	0.0872851	1.0091e-48	0
duplication	CP019114:2387601-2390800	3200	2.71327	0	1.98569e-278	0.00128381	0	5.18162e-05
deletion	CP019114:2854901-2856300	1400	0.503378	0.00235742	4.02846e-24	1	1	0.774842
duplication	CP019114:3531201-3532100	900	2.08891	0.0372262	8.50088e-87	1	1	0
deletion	CP019114:3661201-3665400	4200	0.416249	3.79458e-11	3.50687e-86	7.24421e-11	7.59852e-45	1
deletion	CP019114:3720301-3721300	1000	0.567612	0.0477309	4.70583e-09	1	1	0.83308
deletion	CP019115:1-75400	75400	0	2.11369e-12	0	2.17129e-12	0	-1
