deletion	CP019114:50601-50800	200	0	17649.9	2.05222e-11	1	1	0
deletion	CP019114:59901-60400	500	0.0852177	793.187	8.20627e-11	1	1	0.00274725
deletion	CP019114:60601-71500	10900	0	1.46213e-11	0	1.7907e-11	0	0
duplication	CP019114:231801-234500	2700	2.36898	1.65299e-06	2.60371e-06	0.845962	0	1
duplication	CP019114:689501-690600	1100	1.39745	0.0183076	1.17275e-07	1	1	0.804878
deletion	CP019114:908901-909100	200	0	17649.9	2.05222e-11	1	1	0
deletion	CP019114:945901-951500	5600	0.187584	2.84594e-11	2.8708e+09	6.00739e-05	2.87087e+09	0
deletion	CP019114:1238601-1239300	700	0.480715	0.624374	4.5392e-08	1	1	0.862069
duplication	CP019114:1418301-1419400	1100	1.95613	0.0136518	1.28801e-50	1	1	0
deletion	CP019114:1438001-1439100	1100	0.0233405	1.18341e-06	4.02401e-57	1	1	0
deletion	CP019114:1440201-1484800	44600	0.000685896	3.57337e-12	0	3.74114e-12	0	0.991968
deletion	CP019114:1486001-1519700	33700	0.000129678	4.72915e-12	0	5.02752e-12	0	0.964789
deletion	CP019114:2350401-2351100	700	0.406579	0.0219166	5.32865e-17	1	1	1
deletion	CP019114:2360101-2360700	600	0.294984	379.152	1.13071e-10	1	1	0.00479616
deletion	CP019114:2363601-2364700	1100	0.0700216	0.00276712	5.01898e-28	1	1	0
duplication	CP019114:2366101-2367900	1800	1.93652	1.0345e-06	7.44602e-86	1	1	0.00016518
deletion	CP019114:2367901-2370300	2400	0.0905894	6.64052e-11	4.74006e-51	22405.2	0.312122	0.0112782
deletion	CP019114:2370901-2371100	200	0.144761	544303	0.0231759	1	1	0
duplication	CP019114:2372901-2374200	1300	1.81823	0.036793	7.4361e-16	1	1	0.00179171
deletion	CP019114:2374301-2374800	500	0	0.000613548	1.24025e-41	1	1	0
duplication	CP019114:2377001-2379100	2100	2.31774	0.00648971	3.60428e-30	1	1	0
deletion	CP019114:2381001-2386200	5200	0.118393	3.06486e-11	2.42132e+09	4.98039e-11	2.58528e+09	0.0629921
deletion	CP019114:2387501-2387700	200	0.0874028	308974	1.32749e-05	1	1	0.0015748
deletion	CP019114:2572201-2614300	42100	0.000233559	3.78557e-12	0	3.97438e-12	0	0.990315
deletion	CP019114:3118601-3120100	1500	0.43228	0.00507206	5.58602e-18	1	1	0.784674
deletion	CP019114:3120401-3122200	1800	0.186945	0.000795752	2.23552	1	1	0.553001
deletion	CP019114:3122601-3123700	1100	0.439497	1.0701	5.37451e-13	1	1	0.969061
duplication	CP019114:3531201-3532100	900	2.05518	0.0230876	8.96538e-62	1	1	0
duplication	CP019114:3662301-3665000	2700	2.43494	2.61371e-06	2.60371e-06	0.837136	3.64322e-100	1
deletion	CP019115:1-75400	75400	0	2.11369e-12	0	2.17129e-12	0	-1
