deletion	CP019114:50601-50800	200	0	17702.8	7.14263e-15	1	1	0
deletion	CP019114:59901-71300	11400	0.0148511	1.398e-11	16461.7	1.69545e-11	0	0
deletion	CP019114:231101-231800	700	0.218379	422.453	2.12455e-07	1	1	1
duplication	CP019114:231801-233900	2100	1.81331	2.06465e-05	4.5457e-66	1	1	1
deletion	CP019114:908901-909300	400	0.443803	8237	8.5443e-05	1	1	0.277473
deletion	CP019114:967501-967900	400	0	0.162716	1.77698e-38	1	1	0
deletion	CP019114:970201-974200	4000	0	3.98431e-11	0	7.96863e-11	2.60787e-227	0
deletion	CP019114:1005601-1013400	7800	0.00779712	2.04324e-11	2.36707e-186	2.7478e-11	0	0
deletion	CP019114:1014801-1019400	4600	0.0116728	3.46462e-11	1.04038e-263	6.12971e-11	4.0157e-298	0.00890208
deletion	CP019114:1198201-1199400	1200	0.622786	0.521066	0.00658407	1	1	0.790356
deletion	CP019114:1236001-1237200	1200	0.542426	4.71229e-05	4.66078e-15	1	1	0.991393
deletion	CP019114:1238601-1239300	700	0.475895	2.14641	1.00171e-11	1	1	0.910979
deletion	CP019114:1243401-1244600	1200	0.0333309	7.17827e-06	2.30126e-49	1	1	0
duplication	CP019114:1296801-1298500	1700	1.85224	0.0287195	6.46653e-12	1	1	0.322924
deletion	CP019114:1298601-1301100	2500	0.450378	6.66815e-08	5.09011	2.99763	1.78377e-15	0.0640905
duplication	CP019114:1418301-1419400	1100	2.09599	0.000285876	4.90401e-93	1	1	0
deletion	CP019114:1758701-1759900	1200	0.588085	21.6794	0.000106066	1	1	0.83737
duplication	CP019114:2345101-2346300	1200	1.93776	0.00532023	4.70263e-45	1	1	0
deletion	CP019114:2350401-2351100	700	0.444586	0.0992891	4.39605e-17	1	1	1
deletion	CP019114:2351501-2352100	600	0.143369	340.252	5.07684e-13	1	1	0
deletion	CP019114:2352201-2353700	1500	0.42627	0.00289188	1.03152e-23	1	1	0.796962
deletion	CP019114:2382601-2386000	3400	0.0868591	4.68743e-11	2.85366e+09	1.13838e-10	1.6936e-156	0
deletion	CP019114:2392101-2393200	1100	0.654498	0.0272099	6.51663e-07	1	1	0.827144
deletion	CP019114:2572201-2572600	400	0.00410929	0.36112	4.50272e-37	1	1	1
deletion	CP019114:2582801-2609100	26300	0.000812483	6.05979e-12	0	6.55854e-12	0	0
deletion	CP019114:2854901-2856300	1400	0.508769	0.0555537	1.7964e-15	1	1	0.764624
deletion	CP019114:3114501-3123800	9300	0.346123	1.71368e-11	6.72325e+08	2.18319e-11	9.18673e+08	0.583206
deletion	CP019114:3223201-3224400	1200	0.585802	2.50897	4.44458e-05	1	1	0.806081
duplication	CP019114:3662301-3664500	2200	1.8691	1.53287e-07	9.60303e-62	413454	0.0761729	1
deletion	CP019114:3716901-3718000	1100	0.6017	0.49358	0.0140773	1	1	1
deletion	CP019114:3720201-3721300	1100	0.649517	0.105337	5.30079e-05	1	1	0.740659
deletion	CP019115:1-75400	75400	0	2.11369e-12	0	2.17129e-12	0	-1
