duplication	CP019114:18901-20500	1600	1.27363	0.0365587	1.47549e-05	1	1	1
deletion	CP019114:50601-50800	200	0	14677.1	0	1	1	0
deletion	CP019114:59901-71300	11400	0.0135083	1.398e-11	7.25343e-23	1.69545e-11	0	0
duplication	CP019114:223201-226100	2900	2.07064	0	8.45697e-219	0.00181689	5.05598e-124	0
deletion	CP019114:230201-231800	1600	0.494008	5.39548	0.018489	1	1	0.889342
deletion	CP019114:231901-235000	3100	0.544526	5.14105e-11	7.12126e-59	0.000168972	4.23086e-20	1
duplication	CP019114:239601-243200	3600	1.39962	0.000784768	6.72677e-07	0.234158	324.538	8.70322e-05
deletion	CP019114:658001-659100	1100	0.716905	563.881	0.0204618	1	1	0.824255
deletion	CP019114:690201-690800	600	0.436089	720.471	1.31762e-10	1	1	1
deletion	CP019114:945901-951500	5600	0.115106	2.84594e-11	2.87076e+09	7.08322e-10	2.87085e+09	0
deletion	CP019114:957601-961000	3400	0	4.68743e-11	0	1.13838e-10	0	0
deletion	CP019114:1026601-1047500	20900	0.000956336	7.62548e-12	0	8.43241e-12	0	0
deletion	CP019114:1053501-1063100	9600	0	1.66013e-11	0	2.09701e-11	0	0
deletion	CP019114:1188101-1188600	500	0.596897	277.747	0.000124087	1	1	0
duplication	CP019114:1203401-1207700	4300	2.44624	9.63648e-10	0.0519276	0.0433786	5151.96	0.00335001
duplication	CP019114:1219801-1221800	2000	2.10572	4.05348e-06	3.69205e-25	1	1	0.00157286
duplication	CP019114:1223401-1225900	2500	2.12048	0	3.55002e-67	1809.81	4.29344e-29	0.000351834
deletion	CP019114:1228001-1230100	2100	0.317117	22.8948	2.871e+09	1	1	0.0476684
deletion	CP019114:1233301-1234300	1000	0.036795	0.000751142	1.64702e-63	1	1	0
deletion	CP019114:1238101-1238300	200	0.283912	418997	2.33898e-05	1	1	0.00353357
deletion	CP019114:1238601-1239300	700	0	3.6428e-09	0	1	1	1
deletion	CP019114:1241301-1243600	2300	0.0159978	6.92924e-11	2.00894e-157	32.9128	0	1
duplication	CP019114:1418301-1419400	1100	2.06358	0.00175388	4.15506e-108	1	1	0
deletion	CP019114:1949901-1952000	2100	0.774189	0.0304288	0.000151897	1	1	0
duplication	CP019114:2340501-2350400	9900	2.83945	0	2.871e+09	0	2.871e+09	0.110022
deletion	CP019114:2350401-2351100	700	0	3.6428e-09	0	1	1	1
duplication	CP019114:2351101-2353400	2300	2.61101	0.011987	2.44225e-94	116391	0	0.26776
duplication	CP019114:2354301-2381200	26900	2.78851	0	0	0	0	0.0125052
deletion	CP019114:2382601-2385000	2400	0.0052997	6.64052e-11	2.39061e-300	0.0927318	0	0.00248139
duplication	CP019114:2387601-2390800	3200	2.76218	0	0	0.00373683	0	0.00020879
deletion	CP019114:2854901-2856000	1100	0.500925	0.0480027	3.18184e-24	1	1	0.749265
deletion	CP019114:3117801-3118000	200	0.288455	645430	0.0026442	1	1	0.421918
duplication	CP019114:3419801-3421200	1400	1.27777	0.0362373	0.00015274	1	1	1
duplication	CP019114:3531201-3532100	900	2.16278	0.0019188	0	1	1	0
deletion	CP019114:3661101-3662300	1200	0.387635	8.12663	1.02815e-13	1	1	1
deletion	CP019114:3662401-3665400	3000	0.550109	5.31242e-11	2.59767e-55	0.0077887	1.28889e-12	1
deletion	CP019114:3720301-3721300	1000	0.62915	0.00656367	1.55865e-07	1	1	0.836634
deletion	CP019115:1-75400	75400	0.351684	2.11369e-12	0	2.17129e-12	0	0.0959374
